3.091557600000000017e-01
5.164311200000000213e-01
2.952648800000000073e-01
2.770644800000000019e-01
1.203276560000000162e+00
3.452636800000000172e-01
5.354264800000000379e-01
5.664299200000000312e-01
1.559209440000000058e+00
1.853511999999999937e-01
2.050996800000000064e-01
8.952086400000001110e-01
2.059783200000000036e+00
1.467286960000000029e+00
3.894467200000000240e-01
1.503436720000000060e+00
8.711924799999999358e-01
4.516209600000000157e-01
4.175213600000000080e-01
1.664813599999999949e-01
7.209032000000000773e-01
5.164311200000000213e-01
7.237483200000000005e-01
5.150085600000000596e-01
4.843816800000000367e-01
1.402978880000000039e+00
5.525808799999999410e-01
7.355053599999999969e-01
7.665087999999999901e-01
1.755146160000000011e+00
3.926684000000000285e-01
4.123750399999999705e-01
1.102525840000000201e+00
2.256514880000000112e+00
1.660294880000000139e+00
5.967220800000000436e-01
1.710712080000000190e+00
1.078467840000000066e+00
6.589381599999999395e-01
6.247967199999999721e-01
3.737567200000000422e-01
8.397287999999999419e-01
2.952648800000000073e-01
5.150085600000000596e-01
1.904975200000000035e-01
2.821689600000000242e-01
9.067146400000001272e-01
3.544684800000000302e-01
3.681920000000000418e-03
3.932960000000000102e-03
7.704836000000000462e-01
1.849746399999999957e-01
2.058946399999999899e-01
9.374252000000000695e-01
8.300219200000000797e-01
8.622805599999999737e-01
4.012874399999999953e-01
6.956318400000000013e-01
9.119028000000000134e-01
4.672272800000000226e-01
4.310356800000000321e-01
1.649332799999999877e-01
4.066848000000000130e-01
2.770644800000000019e-01
4.843816800000000367e-01
2.821689600000000242e-01
2.450150400000000173e-01
1.172398640000000158e+00
3.132142399999999771e-01
5.044648800000000044e-01
5.354683200000001086e-01
1.528917280000000156e+00
1.533017600000000091e-01
1.730084000000000066e-01
8.631592000000001264e-01
2.029365520000000256e+00
1.434066000000000063e+00
3.573554400000000242e-01
1.471345439999999893e+00
8.391012000000001025e-01
4.195715199999999756e-01
3.854300800000000082e-01
1.343900800000000229e-01
7.024936000000000513e-01
1.203276560000000162e+00
1.402978880000000039e+00
9.067146400000001272e-01
1.172398640000000158e+00
6.306543199999999905e-01
1.238087440000000150e+00
2.820016000000000189e-02
2.870224000000000039e-02
3.364814640000000079e+00
1.084032560000000034e+00
1.103069759999999899e+00
1.767823680000000008e+00
3.908190720000000340e+00
2.999928000000000150e+00
1.280596880000000048e+00
8.714853600000000977e-01
1.744644320000000137e+00
1.340511760000000052e+00
1.307667359999999945e+00
1.065832160000000028e+00
1.652261599999999886e+00
3.452636800000000172e-01
5.525808799999999410e-01
3.544684800000000302e-01
3.132142399999999771e-01
1.238087440000000150e+00
3.814134400000000480e-01
5.703210399999999458e-01
6.012826400000000904e-01
1.593350880000000025e+00
2.215009600000000245e-01
2.412076000000000220e-01
9.313165600000000710e-01
2.094091999999999842e+00
1.498541439999999891e+00
4.255546399999999840e-01
1.539544640000000131e+00
9.073004000000000069e-01
4.877707200000000465e-01
4.536292800000000236e-01
2.025892800000000105e-01
7.414047999999999750e-01
5.354264800000000379e-01
7.355053599999999969e-01
3.681920000000000418e-03
5.044648800000000044e-01
2.820016000000000189e-02
5.703210399999999458e-01
5.770991199999999655e-01
6.000274400000000785e-01
1.728996160000000115e+00
4.159314399999999856e-01
4.350104800000000327e-01
1.101103280000000018e+00
2.213043120000000030e+00
1.637450239999999946e+00
6.129141600000000967e-01
3.326280000000000209e-02
1.077882080000000187e+00
6.729545600000000904e-01
6.400264799999999532e-01
3.977310400000000357e-01
8.033280000000000420e-01
5.664299200000000312e-01
7.665087999999999901e-01
3.932960000000000102e-03
5.354683200000001086e-01
2.870224000000000039e-02
6.012826400000000904e-01
6.000274400000000785e-01
6.229976000000000402e-01
1.758242320000000136e+00
4.469348800000000344e-01
4.659720800000000107e-01
1.132064879999999940e+00
2.242414800000000152e+00
1.666738239999999927e+00
6.438757600000000192e-01
3.351384000000000307e-02
1.108843679999999887e+00
7.039161600000000130e-01
6.709880800000000978e-01
4.286926400000000137e-01
8.171352000000000615e-01
1.559209440000000058e+00
1.755146160000000011e+00
7.704836000000000462e-01
1.528917280000000156e+00
3.364814640000000079e+00
1.593350880000000025e+00
1.728996160000000115e+00
1.758242320000000136e+00
2.701859840000000013e+00
1.442182960000000014e+00
1.460885440000000202e+00
2.113087360000000192e+00
3.317535440000000335e+00
2.607050399999999879e+00
1.635065360000000245e+00
2.687927119999999892e+00
2.090368240000000100e+00
1.693850560000000005e+00
1.661633759999999960e+00
1.424359120000000090e+00
2.770226400000000311e+00
1.853511999999999937e-01
3.926684000000000285e-01
1.849746399999999957e-01
1.533017600000000091e-01
1.084032560000000034e+00
2.215009600000000245e-01
4.159314399999999856e-01
4.469348800000000344e-01
1.442182960000000014e+00
6.154664000000000662e-02
8.129511999999999849e-02
7.714040800000000475e-01
1.942338319999999952e+00
1.347373519999999880e+00
2.656421600000000161e-01
1.379632159999999885e+00
7.473879200000000944e-01
3.278164000000000078e-01
2.937168000000000001e-01
4.267680000000000778e-02
6.497751999999999972e-01
2.050996800000000064e-01
4.123750399999999705e-01
2.058946399999999899e-01
1.730084000000000066e-01
1.103069759999999899e+00
2.412076000000000220e-01
4.350104800000000327e-01
4.659720800000000107e-01
1.460885440000000202e+00
8.129511999999999849e-02
1.010436000000000112e-01
7.911525600000001157e-01
1.961040800000000139e+00
1.366034160000000108e+00
2.853906400000000287e-01
1.399380639999999953e+00
7.670945600000000919e-01
3.475648800000000205e-01
3.134652800000000128e-01
6.242527999999999966e-02
6.610719999999999930e-01
8.952086400000001110e-01
1.102525840000000201e+00
9.374252000000000695e-01
8.631592000000001264e-01
1.767823680000000008e+00
9.313165600000000710e-01
1.101103280000000018e+00
1.132064879999999940e+00
2.113087360000000192e+00
7.714040800000000475e-01
7.911525600000001157e-01
1.481261520000000109e+00
2.615920480000000214e+00
2.018277920000000059e+00
9.754996000000000222e-01
2.089489600000000280e+00
1.457203519999999974e+00
1.037673840000000069e+00
1.003574240000000062e+00
7.525342400000000209e-01
1.057296800000000037e+00
2.059783200000000036e+00
2.256514880000000112e+00
8.300219200000000797e-01
2.029365520000000256e+00
3.908190720000000340e+00
2.094091999999999842e+00
2.213043120000000030e+00
2.242414800000000152e+00
3.317535440000000335e+00
1.942338319999999952e+00
1.961040800000000139e+00
2.615920480000000214e+00
3.360044879999999790e+00
3.222726000000000202e+00
2.135973840000000123e+00
3.193019599999999958e+00
2.593075840000000021e+00
2.195010079999999864e+00
2.162625919999999979e+00
1.924388960000000148e+00
1.789078399999999958e+00
1.467286960000000029e+00
1.660294880000000139e+00
8.622805599999999737e-01
1.434066000000000063e+00
2.999928000000000150e+00
1.498541439999999891e+00
1.637450239999999946e+00
1.666738239999999927e+00
2.607050399999999879e+00
1.347373519999999880e+00
1.366034160000000108e+00
2.018277920000000059e+00
3.222726000000000202e+00
2.512199120000000008e+00
1.540255920000000112e+00
2.593117680000000203e+00
1.995558799999999966e+00
1.599041120000000094e+00
1.566782480000000088e+00
1.329549679999999956e+00
1.457287200000000116e+00
3.894467200000000240e-01
5.967220800000000436e-01
4.012874399999999953e-01
3.573554400000000242e-01
1.280596880000000048e+00
4.255546399999999840e-01
6.129141600000000967e-01
6.438757600000000192e-01
1.635065360000000245e+00
2.656421600000000161e-01
2.853906400000000287e-01
9.754996000000000222e-01
2.135973840000000123e+00
1.540255920000000112e+00
4.696958400000000311e-01
1.583727680000000193e+00
9.514415999999999984e-01
5.319119199999999825e-01
4.977704800000000707e-01
2.467304800000000298e-01
7.669272000000000311e-01
1.503436720000000060e+00
1.710712080000000190e+00
6.956318400000000013e-01
1.471345439999999893e+00
8.714853600000000977e-01
1.539544640000000131e+00
3.326280000000000209e-02
3.351384000000000307e-02
2.687927119999999892e+00
1.379632159999999885e+00
1.399380639999999953e+00
2.089489600000000280e+00
3.193019599999999958e+00
2.593117680000000203e+00
1.583727680000000193e+00
2.191997599999999935e-01
2.065431600000000145e+00
1.645901920000000018e+00
1.611802320000000233e+00
1.360762320000000081e+00
6.949623999999999802e-01
8.711924799999999358e-01
1.078467840000000066e+00
9.119028000000000134e-01
8.391012000000001025e-01
1.744644320000000137e+00
9.073004000000000069e-01
1.077882080000000187e+00
1.108843679999999887e+00
2.090368240000000100e+00
7.473879200000000944e-01
7.670945600000000919e-01
1.457203519999999974e+00
2.593075840000000021e+00
1.995558799999999966e+00
9.514415999999999984e-01
2.065431600000000145e+00
1.433187360000000021e+00
1.013657680000000116e+00
9.795580799999999977e-01
7.284762399999999971e-01
1.043489600000000017e+00
4.516209600000000157e-01
6.589381599999999395e-01
4.672272800000000226e-01
4.195715199999999756e-01
1.340511760000000052e+00
4.877707200000000465e-01
6.729545600000000904e-01
7.039161600000000130e-01
1.693850560000000005e+00
3.278164000000000078e-01
3.475648800000000205e-01
1.037673840000000069e+00
2.195010079999999864e+00
1.599041120000000094e+00
5.319119199999999825e-01
1.645901920000000018e+00
1.013657680000000116e+00
5.941279999999999895e-01
5.599865599999999111e-01
3.089465600000000367e-01
8.024912000000000711e-01
4.175213600000000080e-01
6.247967199999999721e-01
4.310356800000000321e-01
3.854300800000000082e-01
1.307667359999999945e+00
4.536292800000000236e-01
6.400264799999999532e-01
6.709880800000000978e-01
1.661633759999999960e+00
2.937168000000000001e-01
3.134652800000000128e-01
1.003574240000000062e+00
2.162625919999999979e+00
1.566782480000000088e+00
4.977704800000000707e-01
1.611802320000000233e+00
9.795580799999999977e-01
5.599865599999999111e-01
5.258869600000000144e-01
2.748469600000000290e-01
7.832448000000000743e-01
1.664813599999999949e-01
3.737567200000000422e-01
1.649332799999999877e-01
1.343900800000000229e-01
1.065832160000000028e+00
2.025892800000000105e-01
3.977310400000000357e-01
4.286926400000000137e-01
1.424359120000000090e+00
4.267680000000000778e-02
6.242527999999999966e-02
7.525342400000000209e-01
1.924388960000000148e+00
1.329549679999999956e+00
2.467304800000000298e-01
1.360762320000000081e+00
7.284762399999999971e-01
3.089465600000000367e-01
2.748469600000000290e-01
2.380695999999999854e-02
6.388968000000000425e-01
7.209032000000000773e-01
8.397287999999999419e-01
4.066848000000000130e-01
7.024936000000000513e-01
1.652261599999999886e+00
7.414047999999999750e-01
8.033280000000000420e-01
8.171352000000000615e-01
2.770226400000000311e+00
6.497751999999999972e-01
6.610719999999999930e-01
1.057296800000000037e+00
1.789078399999999958e+00
1.457287200000000116e+00
7.669272000000000311e-01
6.949623999999999802e-01
1.043489600000000017e+00
8.024912000000000711e-01
7.832448000000000743e-01
6.388968000000000425e-01
4.602400000000000380e-01
6.467950000000000088e-01
5.581530000000000102e-01
6.569639999999999924e-01
6.178500000000000103e-01
6.653500000000001080e-01
5.869010000000000060e-01
6.145740000000000647e-01
6.322809999999999819e-01
6.600790000000000823e-01
6.366979999999999862e-01
6.501010000000000399e-01
6.372900000000000231e-01
6.767250000000000210e-01
6.548750000000000959e-01
5.940310000000000867e-01
6.402870000000000505e-01
6.195650000000000324e-01
6.137060000000000848e-01
6.096150000000000180e-01
6.694820000000000215e-01
7.318999999999999950e-01
5.581530000000000102e-01
4.695110000000000117e-01
5.683230000000000226e-01
5.292090000000000405e-01
5.767079999999999984e-01
4.982590000000000074e-01
5.259310000000000374e-01
5.436390000000000944e-01
5.714369999999999727e-01
5.480550000000000699e-01
5.614590000000000414e-01
5.486480000000000246e-01
5.880830000000000224e-01
5.662329999999999863e-01
5.053889999999999771e-01
5.516450000000000520e-01
5.309230000000000338e-01
5.250630000000000575e-01
5.209740000000000482e-01
5.808389999999999942e-01
6.432600000000000540e-01
6.569639999999999924e-01
5.683230000000000226e-01
6.671340000000000048e-01
6.280200000000000227e-01
6.755200000000001204e-01
5.970699999999999896e-01
6.247430000000000483e-01
6.424500000000000766e-01
6.702480000000000659e-01
6.468670000000000808e-01
6.602710000000000523e-01
6.474590000000000067e-01
6.868950000000000333e-01
6.650439999999999685e-01
6.042000000000000703e-01
6.504560000000000342e-01
6.297340000000000160e-01
6.238749999999999574e-01
6.197850000000000303e-01
6.796510000000000051e-01
7.420700000000000074e-01
6.178500000000000103e-01
5.292090000000000405e-01
6.280200000000000227e-01
5.889060000000000406e-01
6.364060000000000272e-01
5.579560000000000075e-01
5.856290000000000662e-01
6.033360000000000944e-01
6.311340000000000838e-01
6.077530000000000987e-01
6.211570000000000702e-01
6.083450000000000246e-01
6.477810000000000512e-01
6.259299999999999864e-01
5.650859999999999772e-01
6.113420000000000520e-01
5.906200000000000339e-01
5.847610000000000863e-01
5.806710000000000482e-01
6.405370000000000230e-01
7.029499999999999638e-01
6.653500000000001080e-01
5.767079999999999984e-01
6.755200000000001204e-01
6.364060000000000272e-01
6.839050000000000962e-01
6.054560000000001052e-01
6.331290000000000529e-01
6.508359999999999701e-01
6.786340000000000705e-01
6.552530000000000854e-01
6.686560000000000281e-01
6.558450000000000113e-01
6.952800000000000091e-01
6.734300000000000841e-01
6.125860000000000749e-01
6.588420000000000387e-01
6.381200000000000205e-01
6.322610000000000730e-01
6.281710000000000349e-01
6.880370000000000097e-01
7.504500000000000615e-01
5.869010000000000060e-01
4.982590000000000074e-01
5.970699999999999896e-01
5.579560000000000075e-01
6.054560000000001052e-01
5.270070000000000032e-01
5.546790000000000331e-01
5.723869999999999791e-01
6.001850000000000795e-01
5.768030000000000657e-01
5.902070000000000372e-01
5.773960000000000203e-01
6.168310000000000182e-01
5.949810000000000931e-01
5.341370000000000839e-01
5.803920000000000190e-01
5.596710000000000296e-01
5.538109999999999422e-01
5.497210000000000152e-01
6.095869999999999900e-01
6.720000000000000417e-01
6.145740000000000647e-01
5.259310000000000374e-01
6.247430000000000483e-01
5.856290000000000662e-01
6.331290000000000529e-01
5.546790000000000331e-01
5.823520000000000918e-01
6.000600000000000378e-01
6.278580000000000272e-01
6.044760000000000133e-01
6.178799999999999848e-01
6.050680000000000502e-01
6.445039999999999658e-01
6.226540000000000408e-01
5.618100000000000316e-01
6.080650000000000777e-01
5.873440000000000882e-01
5.814840000000000009e-01
5.773939999999999628e-01
6.372600000000000486e-01
6.996800000000000797e-01
6.322809999999999819e-01
5.436390000000000944e-01
6.424500000000000766e-01
6.033360000000000944e-01
6.508359999999999701e-01
5.723869999999999791e-01
6.000600000000000378e-01
6.177670000000000661e-01
6.455650000000000555e-01
6.221840000000000703e-01
6.355870000000001241e-01
6.227759999999999962e-01
6.622110000000001051e-01
6.403609999999999580e-01
5.795169999999999488e-01
6.257730000000000237e-01
6.050510000000000055e-01
5.991920000000000579e-01
5.951009999999999911e-01
6.549680000000001057e-01
7.173800000000000177e-01
6.600790000000000823e-01
5.714369999999999727e-01
6.702480000000000659e-01
6.311340000000000838e-01
6.786340000000000705e-01
6.001850000000000795e-01
6.278580000000000272e-01
6.455650000000000555e-01
6.733630000000000448e-01
6.499810000000000310e-01
6.633850000000000025e-01
6.505740000000000967e-01
6.900089999999999835e-01
6.681590000000000584e-01
6.073150000000000492e-01
6.535710000000000131e-01
6.328490000000001059e-01
6.269890000000000185e-01
6.228989999999999805e-01
6.827659999999999840e-01
7.451800000000000646e-01
6.366979999999999862e-01
5.480550000000000699e-01
6.468670000000000808e-01
6.077530000000000987e-01
6.552530000000000854e-01
5.768030000000000657e-01
6.044760000000000133e-01
6.221840000000000703e-01
6.499810000000000310e-01
6.266000000000000458e-01
6.400030000000000996e-01
6.271919999999999717e-01
6.666280000000001094e-01
6.447780000000000733e-01
5.839340000000000641e-01
6.301890000000001102e-01
6.094680000000001208e-01
6.036080000000000334e-01
5.995180000000001064e-01
6.593840000000000812e-01
7.217999999999999972e-01
6.501010000000000399e-01
5.614590000000000414e-01
6.602710000000000523e-01
6.211570000000000702e-01
6.686560000000000281e-01
5.902070000000000372e-01
6.178799999999999848e-01
6.355870000000001241e-01
6.633850000000000025e-01
6.400030000000000996e-01
6.534070000000000711e-01
6.405960000000000543e-01
6.800310000000000521e-01
6.581810000000000160e-01
5.973370000000000068e-01
6.435930000000000817e-01
6.228710000000000635e-01
6.170120000000000049e-01
6.129220000000000779e-01
6.727880000000000527e-01
7.352000000000000757e-01
6.372900000000000231e-01
5.486480000000000246e-01
6.474590000000000067e-01
6.083450000000000246e-01
6.558450000000000113e-01
5.773960000000000203e-01
6.050680000000000502e-01
6.227759999999999962e-01
6.505740000000000967e-01
6.271919999999999717e-01
6.405960000000000543e-01
6.277850000000000374e-01
6.672200000000000353e-01
6.453700000000001102e-01
5.845259999999999900e-01
6.307810000000000361e-01
6.100600000000000467e-01
6.042000000000000703e-01
6.001100000000000323e-01
6.599760000000000071e-01
7.223900000000000876e-01
6.767250000000000210e-01
5.880830000000000224e-01
6.868950000000000333e-01
6.477810000000000512e-01
6.952800000000000091e-01
6.168310000000000182e-01
6.445039999999999658e-01
6.622110000000001051e-01
6.900089999999999835e-01
6.666280000000001094e-01
6.800310000000000521e-01
6.672200000000000353e-01
7.066550000000000331e-01
6.848049999999999971e-01
6.239609999999999879e-01
6.702170000000000627e-01
6.494950000000000445e-01
6.436359999999999859e-01
6.395460000000000589e-01
6.994120000000000337e-01
7.618300000000000072e-01
6.548750000000000959e-01
5.662329999999999863e-01
6.650439999999999685e-01
6.259299999999999864e-01
6.734300000000000841e-01
5.949810000000000931e-01
6.226540000000000408e-01
6.403609999999999580e-01
6.681590000000000584e-01
6.447780000000000733e-01
6.581810000000000160e-01
6.453700000000001102e-01
6.848049999999999971e-01
6.629550000000000720e-01
6.021110000000000628e-01
6.483670000000000266e-01
6.276450000000000085e-01
6.217860000000000609e-01
6.176949999999999941e-01
6.775619999999999976e-01
7.399800000000000821e-01
5.940310000000000867e-01
5.053889999999999771e-01
6.042000000000000703e-01
5.650859999999999772e-01
6.125860000000000749e-01
5.341370000000000839e-01
5.618100000000000316e-01
5.795169999999999488e-01
6.073150000000000492e-01
5.839340000000000641e-01
5.973370000000000068e-01
5.845259999999999900e-01
6.239609999999999879e-01
6.021110000000000628e-01
5.412670000000000536e-01
5.875230000000000175e-01
5.668009999999999993e-01
5.609420000000000517e-01
5.568509999999999849e-01
6.167180000000000994e-01
6.791300000000000114e-01
6.402870000000000505e-01
5.516450000000000520e-01
6.504560000000000342e-01
6.113420000000000520e-01
6.588420000000000387e-01
5.803920000000000190e-01
6.080650000000000777e-01
6.257730000000000237e-01
6.535710000000000131e-01
6.301890000000001102e-01
6.435930000000000817e-01
6.307810000000000361e-01
6.702170000000000627e-01
6.483670000000000266e-01
5.875230000000000175e-01
6.337780000000000635e-01
6.130569999999999631e-01
6.071970000000000978e-01
6.031070000000000597e-01
6.629730000000000345e-01
7.253899999999999793e-01
6.195650000000000324e-01
5.309230000000000338e-01
6.297340000000000160e-01
5.906200000000000339e-01
6.381200000000000205e-01
5.596710000000000296e-01
5.873440000000000882e-01
6.050510000000000055e-01
6.328490000000001059e-01
6.094680000000001208e-01
6.228710000000000635e-01
6.100600000000000467e-01
6.494950000000000445e-01
6.276450000000000085e-01
5.668009999999999993e-01
6.130569999999999631e-01
5.923350000000000559e-01
5.864760000000001083e-01
5.823859999999999593e-01
6.422520000000000451e-01
7.046700000000001296e-01
6.137060000000000848e-01
5.250630000000000575e-01
6.238749999999999574e-01
5.847610000000000863e-01
6.322610000000000730e-01
5.538109999999999422e-01
5.814840000000000009e-01
5.991920000000000579e-01
6.269890000000000185e-01
6.036080000000000334e-01
6.170120000000000049e-01
6.042000000000000703e-01
6.436359999999999859e-01
6.217860000000000609e-01
5.609420000000000517e-01
6.071970000000000978e-01
5.864760000000001083e-01
5.806160000000000210e-01
5.765259999999999829e-01
6.363920000000000687e-01
6.988100000000000422e-01
6.096150000000000180e-01
5.209740000000000482e-01
6.197850000000000303e-01
5.806710000000000482e-01
6.281710000000000349e-01
5.497210000000000152e-01
5.773939999999999628e-01
5.951009999999999911e-01
6.228989999999999805e-01
5.995180000000001064e-01
6.129220000000000779e-01
6.001100000000000323e-01
6.395460000000000589e-01
6.176949999999999941e-01
5.568509999999999849e-01
6.031070000000000597e-01
5.823859999999999593e-01
5.765259999999999829e-01
5.724360000000000559e-01
6.323020000000000307e-01
6.947200000000000042e-01
6.694820000000000215e-01
5.808389999999999942e-01
6.796510000000000051e-01
6.405370000000000230e-01
6.880370000000000097e-01
6.095869999999999900e-01
6.372600000000000486e-01
6.549680000000001057e-01
6.827659999999999840e-01
6.593840000000000812e-01
6.727880000000000527e-01
6.599760000000000071e-01
6.994120000000000337e-01
6.775619999999999976e-01
6.167180000000000994e-01
6.629730000000000345e-01
6.422520000000000451e-01
6.363920000000000687e-01
6.323020000000000307e-01
6.921680000000001165e-01
7.545800000000000285e-01
7.318999999999999950e-01
6.432600000000000540e-01
7.420700000000000074e-01
7.029499999999999638e-01
7.504500000000000615e-01
6.720000000000000417e-01
6.996800000000000797e-01
7.173800000000000177e-01
7.451800000000000646e-01
7.217999999999999972e-01
7.352000000000000757e-01
7.223900000000000876e-01
7.618300000000000072e-01
7.399800000000000821e-01
6.791300000000000114e-01
7.253899999999999793e-01
7.046700000000001296e-01
6.988100000000000422e-01
6.947200000000000042e-01
7.545800000000000285e-01
8.170000000000000595e-01
4.000000000000000000e+00
3.000000000000000000e+00
4.000000000000000000e+00
4.000000000000000000e+00
3.000000000000000000e+00
4.000000000000000000e+00
3.000000000000000000e+00
3.000000000000000000e+00
3.000000000000000000e+00
5.000000000000000000e+00
4.000000000000000000e+00
3.000000000000000000e+00
3.000000000000000000e+00
3.000000000000000000e+00
4.000000000000000000e+00
3.000000000000000000e+00
3.000000000000000000e+00
4.000000000000000000e+00
4.000000000000000000e+00
5.000000000000000000e+00
3.000000000000000000e+00
3.000000000000000000e+00
3.000000000000000000e+00
4.000000000000000000e+00
3.000000000000000000e+00
3.000000000000000000e+00
3.000000000000000000e+00
3.000000000000000000e+00
3.000000000000000000e+00
3.000000000000000000e+00
4.000000000000000000e+00
4.000000000000000000e+00
3.000000000000000000e+00
3.000000000000000000e+00
3.000000000000000000e+00
3.000000000000000000e+00
3.000000000000000000e+00
3.000000000000000000e+00
3.000000000000000000e+00
3.000000000000000000e+00
4.000000000000000000e+00
3.000000000000000000e+00
4.000000000000000000e+00
4.000000000000000000e+00
5.000000000000000000e+00
4.000000000000000000e+00
3.000000000000000000e+00
4.000000000000000000e+00
9.000000000000000000e+00
9.000000000000000000e+00
3.000000000000000000e+00
5.000000000000000000e+00
5.000000000000000000e+00
3.000000000000000000e+00
3.000000000000000000e+00
3.000000000000000000e+00
4.000000000000000000e+00
3.000000000000000000e+00
3.000000000000000000e+00
4.000000000000000000e+00
4.000000000000000000e+00
5.000000000000000000e+00
3.000000000000000000e+00
4.000000000000000000e+00
3.000000000000000000e+00
4.000000000000000000e+00
4.000000000000000000e+00
3.000000000000000000e+00
4.000000000000000000e+00
3.000000000000000000e+00
3.000000000000000000e+00
3.000000000000000000e+00
5.000000000000000000e+00
5.000000000000000000e+00
3.000000000000000000e+00
3.000000000000000000e+00
3.000000000000000000e+00
4.000000000000000000e+00
3.000000000000000000e+00
3.000000000000000000e+00
4.000000000000000000e+00
4.000000000000000000e+00
5.000000000000000000e+00
3.000000000000000000e+00
3.000000000000000000e+00
3.000000000000000000e+00
3.000000000000000000e+00
3.000000000000000000e+00
3.000000000000000000e+00
3.000000000000000000e+00
7.000000000000000000e+00
7.000000000000000000e+00
2.000000000000000000e+00
3.000000000000000000e+00
3.000000000000000000e+00
3.000000000000000000e+00
2.000000000000000000e+00
2.000000000000000000e+00
3.000000000000000000e+00
3.000000000000000000e+00
3.000000000000000000e+00
3.000000000000000000e+00
3.000000000000000000e+00
3.000000000000000000e+00
3.000000000000000000e+00
4.000000000000000000e+00
3.000000000000000000e+00
4.000000000000000000e+00
4.000000000000000000e+00
3.000000000000000000e+00
4.000000000000000000e+00
3.000000000000000000e+00
3.000000000000000000e+00
3.000000000000000000e+00
4.000000000000000000e+00
4.000000000000000000e+00
3.000000000000000000e+00
3.000000000000000000e+00
3.000000000000000000e+00
4.000000000000000000e+00
3.000000000000000000e+00
3.000000000000000000e+00
3.000000000000000000e+00
4.000000000000000000e+00
4.000000000000000000e+00
3.000000000000000000e+00
3.000000000000000000e+00
3.000000000000000000e+00
9.000000000000000000e+00
3.000000000000000000e+00
7.000000000000000000e+00
3.000000000000000000e+00
3.000000000000000000e+00
3.000000000000000000e+00
3.000000000000000000e+00
4.000000000000000000e+00
4.000000000000000000e+00
3.000000000000000000e+00
3.000000000000000000e+00
3.000000000000000000e+00
3.000000000000000000e+00
7.000000000000000000e+00
3.000000000000000000e+00
3.000000000000000000e+00
3.000000000000000000e+00
4.000000000000000000e+00
3.000000000000000000e+00
3.000000000000000000e+00
3.000000000000000000e+00
9.000000000000000000e+00
3.000000000000000000e+00
7.000000000000000000e+00
3.000000000000000000e+00
3.000000000000000000e+00
3.000000000000000000e+00
3.000000000000000000e+00
4.000000000000000000e+00
4.000000000000000000e+00
3.000000000000000000e+00
3.000000000000000000e+00
3.000000000000000000e+00
3.000000000000000000e+00
7.000000000000000000e+00
3.000000000000000000e+00
3.000000000000000000e+00
3.000000000000000000e+00
4.000000000000000000e+00
3.000000000000000000e+00
3.000000000000000000e+00
3.000000000000000000e+00
3.000000000000000000e+00
3.000000000000000000e+00
2.000000000000000000e+00
3.000000000000000000e+00
3.000000000000000000e+00
3.000000000000000000e+00
2.000000000000000000e+00
3.000000000000000000e+00
3.000000000000000000e+00
3.000000000000000000e+00
2.000000000000000000e+00
2.000000000000000000e+00
3.000000000000000000e+00
2.000000000000000000e+00
3.000000000000000000e+00
3.000000000000000000e+00
3.000000000000000000e+00
3.000000000000000000e+00
3.000000000000000000e+00
5.000000000000000000e+00
4.000000000000000000e+00
5.000000000000000000e+00
5.000000000000000000e+00
3.000000000000000000e+00
4.000000000000000000e+00
4.000000000000000000e+00
4.000000000000000000e+00
3.000000000000000000e+00
6.000000000000000000e+00
6.000000000000000000e+00
3.000000000000000000e+00
3.000000000000000000e+00
3.000000000000000000e+00
4.000000000000000000e+00
3.000000000000000000e+00
3.000000000000000000e+00
4.000000000000000000e+00
4.000000000000000000e+00
7.000000000000000000e+00
3.000000000000000000e+00
4.000000000000000000e+00
4.000000000000000000e+00
5.000000000000000000e+00
5.000000000000000000e+00
3.000000000000000000e+00
4.000000000000000000e+00
4.000000000000000000e+00
4.000000000000000000e+00
3.000000000000000000e+00
6.000000000000000000e+00
6.000000000000000000e+00
3.000000000000000000e+00
3.000000000000000000e+00
3.000000000000000000e+00
4.000000000000000000e+00
3.000000000000000000e+00
3.000000000000000000e+00
4.000000000000000000e+00
4.000000000000000000e+00
6.000000000000000000e+00
3.000000000000000000e+00
3.000000000000000000e+00
3.000000000000000000e+00
3.000000000000000000e+00
3.000000000000000000e+00
3.000000000000000000e+00
3.000000000000000000e+00
3.000000000000000000e+00
3.000000000000000000e+00
3.000000000000000000e+00
3.000000000000000000e+00
3.000000000000000000e+00
3.000000000000000000e+00
2.000000000000000000e+00
3.000000000000000000e+00
3.000000000000000000e+00
3.000000000000000000e+00
3.000000000000000000e+00
3.000000000000000000e+00
3.000000000000000000e+00
3.000000000000000000e+00
3.000000000000000000e+00
3.000000000000000000e+00
3.000000000000000000e+00
3.000000000000000000e+00
3.000000000000000000e+00
2.000000000000000000e+00
3.000000000000000000e+00
3.000000000000000000e+00
3.000000000000000000e+00
2.000000000000000000e+00
3.000000000000000000e+00
3.000000000000000000e+00
2.000000000000000000e+00
2.000000000000000000e+00
2.000000000000000000e+00
3.000000000000000000e+00
2.000000000000000000e+00
2.000000000000000000e+00
3.000000000000000000e+00
3.000000000000000000e+00
3.000000000000000000e+00
3.000000000000000000e+00
3.000000000000000000e+00
3.000000000000000000e+00
3.000000000000000000e+00
3.000000000000000000e+00
2.000000000000000000e+00
3.000000000000000000e+00
3.000000000000000000e+00
3.000000000000000000e+00
2.000000000000000000e+00
3.000000000000000000e+00
3.000000000000000000e+00
3.000000000000000000e+00
2.000000000000000000e+00
2.000000000000000000e+00
3.000000000000000000e+00
2.000000000000000000e+00
3.000000000000000000e+00
3.000000000000000000e+00
3.000000000000000000e+00
3.000000000000000000e+00
3.000000000000000000e+00
4.000000000000000000e+00
3.000000000000000000e+00
4.000000000000000000e+00
4.000000000000000000e+00
3.000000000000000000e+00
4.000000000000000000e+00
3.000000000000000000e+00
3.000000000000000000e+00
3.000000000000000000e+00
4.000000000000000000e+00
4.000000000000000000e+00
3.000000000000000000e+00
3.000000000000000000e+00
3.000000000000000000e+00
4.000000000000000000e+00
3.000000000000000000e+00
3.000000000000000000e+00
3.000000000000000000e+00
3.000000000000000000e+00
4.000000000000000000e+00
3.000000000000000000e+00
3.000000000000000000e+00
3.000000000000000000e+00
3.000000000000000000e+00
3.000000000000000000e+00
3.000000000000000000e+00
3.000000000000000000e+00
7.000000000000000000e+00
7.000000000000000000e+00
2.000000000000000000e+00
3.000000000000000000e+00
3.000000000000000000e+00
3.000000000000000000e+00
2.000000000000000000e+00
2.000000000000000000e+00
3.000000000000000000e+00
4.000000000000000000e+00
3.000000000000000000e+00
3.000000000000000000e+00
3.000000000000000000e+00
3.000000000000000000e+00
3.000000000000000000e+00
3.000000000000000000e+00
3.000000000000000000e+00
3.000000000000000000e+00
3.000000000000000000e+00
3.000000000000000000e+00
3.000000000000000000e+00
3.000000000000000000e+00
3.000000000000000000e+00
3.000000000000000000e+00
3.000000000000000000e+00
3.000000000000000000e+00
3.000000000000000000e+00
2.000000000000000000e+00
3.000000000000000000e+00
3.000000000000000000e+00
3.000000000000000000e+00
3.000000000000000000e+00
3.000000000000000000e+00
3.000000000000000000e+00
3.000000000000000000e+00
3.000000000000000000e+00
4.000000000000000000e+00
3.000000000000000000e+00
4.000000000000000000e+00
4.000000000000000000e+00
3.000000000000000000e+00
3.000000000000000000e+00
3.000000000000000000e+00
3.000000000000000000e+00
3.000000000000000000e+00
4.000000000000000000e+00
4.000000000000000000e+00
3.000000000000000000e+00
3.000000000000000000e+00
3.000000000000000000e+00
3.000000000000000000e+00
3.000000000000000000e+00
3.000000000000000000e+00
3.000000000000000000e+00
3.000000000000000000e+00
4.000000000000000000e+00
3.000000000000000000e+00
4.000000000000000000e+00
3.000000000000000000e+00
4.000000000000000000e+00
4.000000000000000000e+00
3.000000000000000000e+00
4.000000000000000000e+00
3.000000000000000000e+00
3.000000000000000000e+00
3.000000000000000000e+00
4.000000000000000000e+00
4.000000000000000000e+00
3.000000000000000000e+00
3.000000000000000000e+00
3.000000000000000000e+00
3.000000000000000000e+00
3.000000000000000000e+00
3.000000000000000000e+00
3.000000000000000000e+00
3.000000000000000000e+00
4.000000000000000000e+00
3.000000000000000000e+00
5.000000000000000000e+00
4.000000000000000000e+00
5.000000000000000000e+00
5.000000000000000000e+00
3.000000000000000000e+00
4.000000000000000000e+00
4.000000000000000000e+00
4.000000000000000000e+00
3.000000000000000000e+00
7.000000000000000000e+00
6.000000000000000000e+00
3.000000000000000000e+00
3.000000000000000000e+00
3.000000000000000000e+00
4.000000000000000000e+00
3.000000000000000000e+00
3.000000000000000000e+00
4.000000000000000000e+00
4.000000000000000000e+00
1.200000000000000000e+01
3.000000000000000000e+00
3.000000000000000000e+00
3.000000000000000000e+00
3.000000000000000000e+00
3.000000000000000000e+00
3.000000000000000000e+00
3.000000000000000000e+00
3.000000000000000000e+00
3.000000000000000000e+00
3.000000000000000000e+00
3.000000000000000000e+00
3.000000000000000000e+00
3.000000000000000000e+00
3.000000000000000000e+00
3.000000000000000000e+00
3.000000000000000000e+00
3.000000000000000000e+00
3.000000000000000000e+00
3.000000000000000000e+00
3.000000000000000000e+00
3.000000000000000000e+00
3.000000000000000000e+00
0.000000000000000000e+00
0.000000000000000000e+00
0.000000000000000000e+00
0.000000000000000000e+00
0.000000000000000000e+00
0.000000000000000000e+00
0.000000000000000000e+00
0.000000000000000000e+00
0.000000000000000000e+00
0.000000000000000000e+00
0.000000000000000000e+00
0.000000000000000000e+00
0.000000000000000000e+00
0.000000000000000000e+00
0.000000000000000000e+00
0.000000000000000000e+00
0.000000000000000000e+00
0.000000000000000000e+00
0.000000000000000000e+00
0.000000000000000000e+00
0.000000000000000000e+00
0.000000000000000000e+00
0.000000000000000000e+00
0.000000000000000000e+00
0.000000000000000000e+00
0.000000000000000000e+00
0.000000000000000000e+00
0.000000000000000000e+00
0.000000000000000000e+00
0.000000000000000000e+00
0.000000000000000000e+00
0.000000000000000000e+00
0.000000000000000000e+00
0.000000000000000000e+00
0.000000000000000000e+00
0.000000000000000000e+00
0.000000000000000000e+00
0.000000000000000000e+00
0.000000000000000000e+00
0.000000000000000000e+00
0.000000000000000000e+00
0.000000000000000000e+00
0.000000000000000000e+00
0.000000000000000000e+00
1.673600000000000199e+00
0.000000000000000000e+00
1.673600000000000199e+00
0.000000000000000000e+00
-1.814845982383264111e+00
-1.814845982383264111e+00
0.000000000000000000e+00
0.000000000000000000e+00
0.000000000000000000e+00
0.000000000000000000e+00
0.000000000000000000e+00
0.000000000000000000e+00
0.000000000000000000e+00
6.186974939958160835e-01
0.000000000000000000e+00
0.000000000000000000e+00
0.000000000000000000e+00
0.000000000000000000e+00
-1.737029440000000369e+00
0.000000000000000000e+00
0.000000000000000000e+00
0.000000000000000000e+00
0.000000000000000000e+00
0.000000000000000000e+00
0.000000000000000000e+00
0.000000000000000000e+00
0.000000000000000000e+00
0.000000000000000000e+00
0.000000000000000000e+00
0.000000000000000000e+00
0.000000000000000000e+00
0.000000000000000000e+00
0.000000000000000000e+00
0.000000000000000000e+00
0.000000000000000000e+00
0.000000000000000000e+00
0.000000000000000000e+00
0.000000000000000000e+00
0.000000000000000000e+00
0.000000000000000000e+00
0.000000000000000000e+00
0.000000000000000000e+00
1.673600000000000199e+00
0.000000000000000000e+00
1.673600000000000199e+00
0.000000000000000000e+00
-2.062324979979080375e+00
-2.062324979979080375e+00
0.000000000000000000e+00
0.000000000000000000e+00
0.000000000000000000e+00
0.000000000000000000e+00
0.000000000000000000e+00
0.000000000000000000e+00
0.000000000000000000e+00
6.186974939958160835e-01
0.000000000000000000e+00
0.000000000000000000e+00
0.000000000000000000e+00
0.000000000000000000e+00
-1.737029440000000369e+00
0.000000000000000000e+00
0.000000000000000000e+00
0.000000000000000000e+00
0.000000000000000000e+00
0.000000000000000000e+00
0.000000000000000000e+00
0.000000000000000000e+00
0.000000000000000000e+00
0.000000000000000000e+00
0.000000000000000000e+00
0.000000000000000000e+00
0.000000000000000000e+00
0.000000000000000000e+00
0.000000000000000000e+00
0.000000000000000000e+00
0.000000000000000000e+00
0.000000000000000000e+00
0.000000000000000000e+00
0.000000000000000000e+00
0.000000000000000000e+00
0.000000000000000000e+00
0.000000000000000000e+00
0.000000000000000000e+00
-1.814845982383264111e+00
0.000000000000000000e+00
-2.062324979979080375e+00
0.000000000000000000e+00
1.673600000000000199e+00
1.673600000000000199e+00
0.000000000000000000e+00
0.000000000000000000e+00
0.000000000000000000e+00
0.000000000000000000e+00
0.000000000000000000e+00
0.000000000000000000e+00
0.000000000000000000e+00
-1.031162489991632070e+00
0.000000000000000000e+00
0.000000000000000000e+00
0.000000000000000000e+00
0.000000000000000000e+00
1.737029440000000369e+00
0.000000000000000000e+00
0.000000000000000000e+00
-1.814845982383264111e+00
0.000000000000000000e+00
-2.062324979979080375e+00
0.000000000000000000e+00
1.673600000000000199e+00
1.673600000000000199e+00
0.000000000000000000e+00
0.000000000000000000e+00
0.000000000000000000e+00
0.000000000000000000e+00
0.000000000000000000e+00
0.000000000000000000e+00
0.000000000000000000e+00
-1.031162489991632070e+00
0.000000000000000000e+00
0.000000000000000000e+00
0.000000000000000000e+00
0.000000000000000000e+00
1.737029440000000369e+00
0.000000000000000000e+00
0.000000000000000000e+00
0.000000000000000000e+00
0.000000000000000000e+00
0.000000000000000000e+00
0.000000000000000000e+00
0.000000000000000000e+00
0.000000000000000000e+00
0.000000000000000000e+00
0.000000000000000000e+00
0.000000000000000000e+00
0.000000000000000000e+00
0.000000000000000000e+00
0.000000000000000000e+00
0.000000000000000000e+00
0.000000000000000000e+00
0.000000000000000000e+00
0.000000000000000000e+00
0.000000000000000000e+00
0.000000000000000000e+00
0.000000000000000000e+00
0.000000000000000000e+00
0.000000000000000000e+00
0.000000000000000000e+00
0.000000000000000000e+00
0.000000000000000000e+00
0.000000000000000000e+00
0.000000000000000000e+00
0.000000000000000000e+00
0.000000000000000000e+00
0.000000000000000000e+00
0.000000000000000000e+00
0.000000000000000000e+00
0.000000000000000000e+00
0.000000000000000000e+00
0.000000000000000000e+00
0.000000000000000000e+00
0.000000000000000000e+00
0.000000000000000000e+00
0.000000000000000000e+00
0.000000000000000000e+00
0.000000000000000000e+00
0.000000000000000000e+00
0.000000000000000000e+00
0.000000000000000000e+00
0.000000000000000000e+00
0.000000000000000000e+00
0.000000000000000000e+00
0.000000000000000000e+00
0.000000000000000000e+00
0.000000000000000000e+00
0.000000000000000000e+00
0.000000000000000000e+00
0.000000000000000000e+00
0.000000000000000000e+00
0.000000000000000000e+00
0.000000000000000000e+00
0.000000000000000000e+00
0.000000000000000000e+00
0.000000000000000000e+00
0.000000000000000000e+00
0.000000000000000000e+00
0.000000000000000000e+00
0.000000000000000000e+00
0.000000000000000000e+00
0.000000000000000000e+00
0.000000000000000000e+00
0.000000000000000000e+00
0.000000000000000000e+00
0.000000000000000000e+00
0.000000000000000000e+00
0.000000000000000000e+00
0.000000000000000000e+00
0.000000000000000000e+00
0.000000000000000000e+00
0.000000000000000000e+00
0.000000000000000000e+00
0.000000000000000000e+00
0.000000000000000000e+00
0.000000000000000000e+00
0.000000000000000000e+00
0.000000000000000000e+00
0.000000000000000000e+00
0.000000000000000000e+00
0.000000000000000000e+00
0.000000000000000000e+00
0.000000000000000000e+00
0.000000000000000000e+00
0.000000000000000000e+00
0.000000000000000000e+00
0.000000000000000000e+00
0.000000000000000000e+00
0.000000000000000000e+00
0.000000000000000000e+00
0.000000000000000000e+00
0.000000000000000000e+00
0.000000000000000000e+00
0.000000000000000000e+00
0.000000000000000000e+00
0.000000000000000000e+00
0.000000000000000000e+00
0.000000000000000000e+00
0.000000000000000000e+00
0.000000000000000000e+00
0.000000000000000000e+00
0.000000000000000000e+00
0.000000000000000000e+00
0.000000000000000000e+00
0.000000000000000000e+00
0.000000000000000000e+00
0.000000000000000000e+00
0.000000000000000000e+00
0.000000000000000000e+00
0.000000000000000000e+00
0.000000000000000000e+00
0.000000000000000000e+00
0.000000000000000000e+00
0.000000000000000000e+00
0.000000000000000000e+00
0.000000000000000000e+00
0.000000000000000000e+00
0.000000000000000000e+00
0.000000000000000000e+00
0.000000000000000000e+00
0.000000000000000000e+00
0.000000000000000000e+00
0.000000000000000000e+00
0.000000000000000000e+00
0.000000000000000000e+00
0.000000000000000000e+00
0.000000000000000000e+00
0.000000000000000000e+00
0.000000000000000000e+00
0.000000000000000000e+00
0.000000000000000000e+00
0.000000000000000000e+00
0.000000000000000000e+00
0.000000000000000000e+00
0.000000000000000000e+00
0.000000000000000000e+00
0.000000000000000000e+00
0.000000000000000000e+00
0.000000000000000000e+00
0.000000000000000000e+00
0.000000000000000000e+00
0.000000000000000000e+00
0.000000000000000000e+00
0.000000000000000000e+00
0.000000000000000000e+00
6.186974939958160835e-01
0.000000000000000000e+00
6.186974939958160835e-01
0.000000000000000000e+00
-1.031162489991632070e+00
-1.031162489991632070e+00
0.000000000000000000e+00
0.000000000000000000e+00
0.000000000000000000e+00
0.000000000000000000e+00
0.000000000000000000e+00
0.000000000000000000e+00
0.000000000000000000e+00
4.341736800000000618e-01
0.000000000000000000e+00
0.000000000000000000e+00
0.000000000000000000e+00
0.000000000000000000e+00
-8.685147200000001844e-01
0.000000000000000000e+00
0.000000000000000000e+00
0.000000000000000000e+00
0.000000000000000000e+00
0.000000000000000000e+00
0.000000000000000000e+00
0.000000000000000000e+00
0.000000000000000000e+00
0.000000000000000000e+00
0.000000000000000000e+00
0.000000000000000000e+00
0.000000000000000000e+00
0.000000000000000000e+00
0.000000000000000000e+00
0.000000000000000000e+00
0.000000000000000000e+00
0.000000000000000000e+00
0.000000000000000000e+00
0.000000000000000000e+00
0.000000000000000000e+00
0.000000000000000000e+00
0.000000000000000000e+00
0.000000000000000000e+00
0.000000000000000000e+00
0.000000000000000000e+00
0.000000000000000000e+00
0.000000000000000000e+00
0.000000000000000000e+00
0.000000000000000000e+00
0.000000000000000000e+00
0.000000000000000000e+00
0.000000000000000000e+00
0.000000000000000000e+00
0.000000000000000000e+00
0.000000000000000000e+00
0.000000000000000000e+00
0.000000000000000000e+00
0.000000000000000000e+00
0.000000000000000000e+00
0.000000000000000000e+00
0.000000000000000000e+00
0.000000000000000000e+00
0.000000000000000000e+00
0.000000000000000000e+00
0.000000000000000000e+00
0.000000000000000000e+00
0.000000000000000000e+00
0.000000000000000000e+00
0.000000000000000000e+00
0.000000000000000000e+00
0.000000000000000000e+00
0.000000000000000000e+00
0.000000000000000000e+00
0.000000000000000000e+00
0.000000000000000000e+00
0.000000000000000000e+00
0.000000000000000000e+00
0.000000000000000000e+00
0.000000000000000000e+00
0.000000000000000000e+00
0.000000000000000000e+00
0.000000000000000000e+00
0.000000000000000000e+00
0.000000000000000000e+00
0.000000000000000000e+00
0.000000000000000000e+00
0.000000000000000000e+00
0.000000000000000000e+00
0.000000000000000000e+00
0.000000000000000000e+00
0.000000000000000000e+00
0.000000000000000000e+00
0.000000000000000000e+00
0.000000000000000000e+00
0.000000000000000000e+00
0.000000000000000000e+00
0.000000000000000000e+00
0.000000000000000000e+00
0.000000000000000000e+00
0.000000000000000000e+00
0.000000000000000000e+00
0.000000000000000000e+00
0.000000000000000000e+00
0.000000000000000000e+00
0.000000000000000000e+00
0.000000000000000000e+00
-1.737029440000000369e+00
0.000000000000000000e+00
-1.737029440000000369e+00
0.000000000000000000e+00
1.737029440000000369e+00
1.737029440000000369e+00
0.000000000000000000e+00
0.000000000000000000e+00
0.000000000000000000e+00
0.000000000000000000e+00
0.000000000000000000e+00
0.000000000000000000e+00
0.000000000000000000e+00
-8.685147200000001844e-01
0.000000000000000000e+00
0.000000000000000000e+00
0.000000000000000000e+00
0.000000000000000000e+00
1.737029440000000369e+00
